pi = 3.14159265359
e = 2.718281828459
